|features|SALESCLOSEPRICE|
|(135,[0,1,2,3,5,6,7,8,9,10,11,12,15,16,20,21,22,23,24,25,26,27,28,29,30,31,32,33,34,35,36,37,38,39,40,41,42,43,51,52,53,54,55,56,57,62,68,77,81,89,95,96,101,103,108,114,115,123,133],[139900.0,139900.0,980.0,10.0,980.0,1858.0,1858.0,980.0,1950.0,1.28,1.0,1.0,2.0,3.0,2017.0,7.0,28.0,15.0,196.0,25.0,-1.0,4.03,3.96,3.88,3.9,3.91,9.8,22.4,67.8,49.8,11.9,2.7,0.29260620308418234,142.7551020408163,980.0,0.013280914939242315,1.5,1.0,-1.0,-1.0,-1.0,-1.0,-1.0,-1.0,-1.0,1.0,1.0,1.0,1.0,1.0,1.0,1.0,1.0,1.0,1.0,1.0,1.0,1.0,1.0])|143000|
|(135,[0,1,2,3,5,6,7,8,9,10,11,14,15,16,17,20,21,22,23,24,25,26,27,28,29,30,31,32,33,34,35,36,37,38,39,40,41,42,43,44,45,46,47,48,49,50,52,55,56,57,62,68,77,79,89,92,96,101,103,108,114,115,124,133],[210000.0,210000.0,1144.0,4.0,1268.0,1640.0,1640.0,2228.0,1971.0,0.32,1.0,2.0,3.0,4.0,960.0,2017.0,10.0,41.0,9.0,282.0,2.0,-1.0,3.91,3.85,3.83,3.83,3.78,32.2,49.0,18.8,14.0,35.8,14.6,0.4392230353658205,94.25493716337523,2228.0,0.00780952380952381,1.3333333333333333,-1.0,-1.0,-1.0,-1.0,-1.0,-1.0,-1.0,-1.0,1.0,-1.0,-1.0,-1.0,1.0,1.0,1.0,1.0,1.0,1.0,1.0,1.0,1.0,1.0,1.0,1.0,1.0,1.0])|190000|
|(135,[0,1,2,3,5,6,7,8,9,10,11,15,16,20,21,22,23,24,25,26,27,28,29,30,31,32,33,34,35,36,38,39,40,41,42,49,51,52,53,54,57,62,68,70,79,89,92,96,100,103,108,110,115,123,131,132],[225000.0,225000.0,1102.0,28.0,1102.0,2390.0,2390.0,1102.0,1949.0,0.8220000000000001,1.0,1.0,2.0,2017.0,6.0,26.0,26.0,177.0,25.0,-1.0,3.88,3.9,3.91,3.89,3.94,9.8,22.4,67.8,61.7,2.7,0.47059610932052204,204.1742286751361,1102.0,0.010622222222222222,2.0,1.0,-1.0,-1.0,-1.0,-1.0,1.0,1.0,1.0,1.0,1.0,1.0,1.0,1.0,1.0,1.0,1.0,1.0,1.0,1.0,1.0,1.0])|225000|
|(135,[0,1,2,3,4,5,6,7,8,9,10,11,12,15,16,17,20,21,22,23,24,25,26,27,28,29,30,31,32,33,34,35,36,38,39,40,41,42,49,52,57,62,68,72,78,79,80,81,82,83,89,92,96,101,103,108,114,115,123,133],[230000.0,230000.0,959.0,19.0,1.0,1284.0,2146.0,2146.0,1632.0,1960.0,0.94,1.0,1.0,2.0,2.0,348.0,2017.0,8.0,34.0,25.0,237.0,2.0,-1.0,3.86,3.89,3.9,3.93,3.92,9.8,22.4,67.8,61.7,2.7,0.4810538006387558,140.93137254901958,1632.0,0.009330434782608695,1.0,1.0,1.0,1.0,1.0,1.0,1.0,-1.0,-1.0,-1.0,-1.0,-1.0,-1.0,1.0,1.0,1.0,1.0,1.0,1.0,1.0,1.0,1.0,1.0])|265000|
|(135,[0,1,2,3,4,5,6,7,8,9,11,14,15,16,17,20,21,22,23,24,25,26,27,28,29,30,31,32,33,34,35,36,37,38,39,40,41,42,46,52,55,56,57,62,68,77,80,84,92,96,101,103,108,110,115,124,132],[239900.0,239900.0,1026.0,21.0,1.0,1026.0,2010.0,2010.0,2052.0,1978.0,1.0,1.0,2.0,3.0,1026.0,2017.0,9.0,37.0,12.0,255.0,40.0,-1.0,3.78,3.78,3.82,3.86,3.89,32.2,49.0,18.8,49.8,11.9,2.7,0.5017600294488588,116.91033138401559,2052.0,0.00837849103793247,1.5,1.0,1.0,-1.0,-1.0,-1.0,1.0,1.0,1.0,1.0,1.0,1.0,1.0,1.0,1.0,1.0,1.0,1.0,1.0,1.0])|249900|
|(135,[0,1,2,3,4,5,6,7,8,9,10,11,15,16,19,20,21,22,23,24,25,26,27,28,29,30,31,32,33,34,35,36,37,38,39,40,41,42,43,44,45,46,47,48,49,50,52,55,56,57,62,68,73,78,89,92,96,101,103,108,114,115,123,131,132],[239900.0,239900.0,1152.0,17.0,1.0,1397.0,1491.0,1494.0,1397.0,1965.0,0.172,2.0,2.0,3.0,3.0,2017.0,4.0,15.0,10.0,100.0,11.0,-1.0,4.08,4.1,4.14,4.23,4.3,9.8,22.4,67.8,49.8,11.9,2.7,0.5017600294488588,171.72512526843238,1397.0,0.006215089620675281,1.5,-1.0,-1.0,-1.0,-1.0,-1.0,-1.0,-1.0,-1.0,1.0,-1.0,-1.0,-1.0,1.0,1.0,1.0,1.0,1.0,1.0,1.0,1.0,1.0,1.0,1.0,1.0,1.0,1.0,1.0])|255000|
|(135,[0,1,2,3,5,6,7,8,9,10,11,12,14,15,16,18,19,20,21,22,23,24,25,26,27,28,29,30,31,32,33,35,36,37,38,39,40,41,42,43,44,45,46,47,48,49,50,52,55,56,57,62,68,75,79,91,94,96,101,103,108,114,115,129,134],[250000.0,265000.0,700.0,32.0,1798.0,2165.0,2168.0,1798.0,2015.0,0.05,1.0,1.0,1.0,3.0,3.0,200.0,3.0,2017.0,6.0,23.0,8.0,159.0,11.0,-1.0,3.89,3.94,3.95,4.02,4.05,81.2,18.8,49.8,11.9,2.7,0.5228845659116911,139.04338153503892,1798.0,0.00866,1.0,-1.0,-1.0,-1.0,-1.0,-1.0,-1.0,-1.0,-1.0,1.0,-1.0,-1.0,-1.0,1.0,1.0,1.0,1.0,1.0,1.0,1.0,1.0,1.0,1.0,1.0,1.0,1.0,1.0])|248000|
|(135,[0,1,2,3,5,8,9,10,11,12,15,16,18,20,21,22,23,24,25,26,27,28,29,30,31,32,33,35,36,37,38,39,40,42,45,52,55,56,57,62,68,77,79,90,94,96,101,103,108,114,115,128,132],[254990.0,273417.0,1088.0,5.0,1733.0,1733.0,2017.0,0.05,2.0,1.0,3.0,3.0,200.0,2017.0,11.0,44.0,5.0,309.0,11.0,-1.0,3.94,3.94,3.88,3.91,3.85,81.2,18.8,49.8,11.9,2.7,0.5333213418472884,147.13791113675703,1733.0,1.0,1.0,1.0,-1.0,-1.0,-1.0,1.0,1.0,1.0,1.0,1.0,1.0,1.0,1.0,1.0,1.0,1.0,1.0,1.0,1.0])|245000|
|(135,[0,1,2,3,5,8,9,10,11,12,14,15,16,18,20,21,22,23,24,25,26,27,28,29,30,31,32,33,35,36,37,38,39,40,42,45,52,55,56,57,62,68,77,79,90,94,96,101,103,108,114,115,128,132],[254990.0,273152.0,1088.0,23.0,1733.0,1733.0,2017.0,0.05,1.0,1.0,1.0,3.0,3.0,200.0,2017.0,10.0,41.0,12.0,285.0,11.0,-1.0,3.91,3.85,3.83,3.83,3.78,81.2,18.8,49.8,11.9,2.7,0.5333213418472884,147.13791113675703,1733.0,1.0,1.0,1.0,-1.0,-1.0,-1.0,1.0,1.0,1.0,1.0,1.0,1.0,1.0,1.0,1.0,1.0,1.0,1.0,1.0,1.0])|254990|
|(135,[0,1,2,3,5,8,9,10,11,12,14,15,16,18,20,21,22,23,24,25,26,27,28,29,30,31,32,33,35,36,37,38,39,40,42,48,52,55,56,57,62,68,77,79,90,94,96,101,103,108,114,115,128,132],[255990.0,273482.0,1088.0,73.0,1733.0,1733.0,2017.0,0.05,1.0,1.0,1.0,3.0,3.0,200.0,2017.0,9.0,35.0,2.0,245.0,11.0,-1.0,3.82,3.86,3.89,3.9,3.93,81.2,18.8,49.8,11.9,2.7,0.5354128801109352,147.71494518176573,1733.0,1.0,1.0,1.0,-1.0,-1.0,-1.0,1.0,1.0,1.0,1.0,1.0,1.0,1.0,1.0,1.0,1.0,1.0,1.0,1.0,1.0])|250000|
|(135,[0,1,2,3,5,8,9,10,11,12,14,15,16,18,20,21,22,23,24,25,26,27,28,29,30,31,32,33,35,36,37,38,39,40,42,45,52,55,56,57,62,68,77,79,90,94,96,101,103,108,114,115,128,132],[259990.0,267117.0,1088.0,80.0,1733.0,1733.0,2017.0,0.05,1.0,1.0,1.0,3.0,3.0,200.0,2017.0,5.0,20.0,19.0,139.0,11.0,-1.0,4.02,4.05,4.02,4.03,3.97,81.2,18.8,49.8,11.9,2.7,0.5437790331655222,150.02308136180034,1733.0,1.0,1.0,1.0,-1.0,-1.0,-1.0,1.0,1.0,1.0,1.0,1.0,1.0,1.0,1.0,1.0,1.0,1.0,1.0,1.0,1.0])|254500|
|(135,[0,1,2,3,5,8,9,10,11,12,14,15,16,18,20,21,22,23,24,25,26,27,28,29,30,31,32,33,35,36,37,38,39,40,42,45,52,55,56,57,62,68,77,79,90,94,96,101,103,108,114,115,128,132],[259990.0,268487.0,1088.0,79.0,1733.0,1733.0,2017.0,0.05,1.0,1.0,1.0,3.0,3.0,200.0,2017.0,5.0,19.0,11.0,131.0,11.0,-1.0,4.05,4.02,4.03,3.97,4.08,81.2,18.8,49.8,11.9,2.7,0.5437790331655222,150.02308136180034,1733.0,1.0,1.0,1.0,-1.0,-1.0,-1.0,1.0,1.0,1.0,1.0,1.0,1.0,1.0,1.0,1.0,1.0,1.0,1.0,1.0,1.0])|253000|
|(135,[0,1,2,3,5,8,9,10,11,12,15,16,18,20,21,22,23,24,25,26,27,28,29,30,31,32,33,35,36,37,38,39,40,42,45,52,55,56,57,62,68,77,79,90,94,96,101,103,108,114,115,128,132],[259990.0,268622.0,1088.0,12.0,1733.0,1733.0,2017.0,0.05,2.0,1.0,3.0,3.0,190.0,2017.0,3.0,10.0,12.0,71.0,11.0,-1.0,4.21,4.1,4.16,4.15,4.17,81.2,18.8,49.8,11.9,2.7,0.5437790331655222,150.02308136180034,1733.0,1.0,1.0,1.0,-1.0,-1.0,-1.0,1.0,1.0,1.0,1.0,1.0,1.0,1.0,1.0,1.0,1.0,1.0,1.0,1.0,1.0])|257500|
|(135,[0,1,2,3,5,8,9,10,11,12,15,16,18,20,21,22,23,24,26,27,28,29,30,31,32,33,35,36,37,38,39,40,42,48,52,55,56,57,62,68,75,79,90,94,96,101,103,108,114,115,128,132],[269990.0,279442.0,1088.0,1.0,1763.0,1763.0,2016.0,0.05,2.0,1.0,3.0,3.0,200.0,2017.0,3.0,10.0,6.0,65.0,-1.0,4.21,4.1,4.16,4.15,4.17,81.2,18.8,49.8,11.9,2.7,0.5646944158019899,153.14237095859332,1763.0,1.0,1.0,1.0,-1.0,-1.0,-1.0,1.0,1.0,1.0,1.0,1.0,1.0,1.0,1.0,1.0,1.0,1.0,1.0,1.0,1.0])|272990|
|(135,[0,1,2,3,4,5,6,7,8,9,10,14,15,16,19,20,21,22,23,24,25,26,27,28,29,30,31,32,33,34,35,36,38,39,40,41,42,43,44,45,46,47,48,49,50,52,57,62,67,73,79,89,95,96,101,103,108,114,115,123,134],[270000.0,270000.0,1844.0,18.0,1.0,1844.0,2689.0,2692.0,1844.0,1977.0,1.661,3.0,3.0,2.0,3.0,2017.0,5.0,20.0,18.0,138.0,11.0,-1.0,4.02,4.05,4.02,4.03,3.97,32.2,49.0,18.8,61.7,2.7,0.5647153311846264,146.42082429501085,1844.0,0.00995925925925926,0.6666666666666666,-1.0,-1.0,-1.0,-1.0,-1.0,-1.0,-1.0,-1.0,1.0,1.0,1.0,1.0,1.0,1.0,1.0,1.0,1.0,1.0,1.0,1.0,1.0,1.0,1.0,1.0])|290000|
|(135,[0,1,2,3,5,8,9,10,11,12,14,15,16,18,20,21,22,23,24,25,26,27,28,29,30,31,32,33,35,36,37,38,39,40,42,43,44,45,46,47,48,49,50,52,55,56,57,62,68,75,79,90,94,96,101,103,108,114,115,128,132],[274000.0,274000.0,1088.0,2.0,1763.0,1763.0,2017.0,0.05,1.0,1.0,1.0,3.0,3.0,200.0,2017.0,10.0,41.0,15.0,288.0,11.0,-1.0,3.91,3.85,3.83,3.83,3.78,81.2,18.8,49.8,11.9,2.7,0.5730814842392135,155.41690300623938,1763.0,1.0,-1.0,-1.0,-1.0,-1.0,-1.0,-1.0,-1.0,-1.0,1.0,-1.0,-1.0,-1.0,1.0,1.0,1.0,1.0,1.0,1.0,1.0,1.0,1.0,1.0,1.0,1.0,1.0,1.0])|274000|
|(135,[0,1,2,3,5,8,9,10,11,12,14,15,16,18,20,21,22,23,24,25,26,27,28,29,30,31,32,33,35,36,37,38,39,40,42,43,44,45,46,47,48,49,50,52,55,56,57,62,68,75,79,90,94,96,101,103,108,114,115,128,132],[274990.0,289357.0,1088.0,12.0,1763.0,1763.0,2017.0,0.05,1.0,1.0,1.0,3.0,3.0,200.0,2017.0,9.0,36.0,10.0,253.0,11.0,-1.0,3.78,3.82,3.86,3.89,3.9,81.2,18.8,49.8,11.9,2.7,0.5751521071202237,155.97844583096997,1763.0,1.0,-1.0,-1.0,-1.0,-1.0,-1.0,-1.0,-1.0,-1.0,1.0,-1.0,-1.0,-1.0,1.0,1.0,1.0,1.0,1.0,1.0,1.0,1.0,1.0,1.0,1.0,1.0,1.0,1.0])|274990|
|(135,[0,1,2,3,5,8,9,10,11,12,15,16,18,20,21,22,23,24,25,26,27,28,29,30,31,32,33,35,36,37,38,39,40,42,48,52,55,56,57,62,68,75,79,90,94,96,101,103,108,114,115,128,132],[284990.0,288342.0,1088.0,45.0,1763.0,1763.0,2017.0,0.05,2.0,1.0,3.0,3.0,200.0,2017.0,9.0,35.0,1.0,244.0,11.0,-1.0,3.82,3.86,3.89,3.9,3.93,81.2,18.8,49.8,11.9,2.7,0.5960674897566913,161.6505955757232,1763.0,1.0,1.0,1.0,-1.0,-1.0,-1.0,1.0,1.0,1.0,1.0,1.0,1.0,1.0,1.0,1.0,1.0,1.0,1.0,1.0,1.0])|274000|
|(135,[0,1,2,3,5,8,9,10,11,12,14,15,16,18,20,21,22,23,24,25,26,27,28,29,30,31,32,33,35,36,37,38,39,40,42,43,44,45,46,47,48,49,50,52,55,56,57,62,68,75,79,90,94,96,101,103,108,114,115,128,132],[287452.0,287452.0,1088.0,31.0,1763.0,1763.0,2017.0,0.05,1.0,1.0,1.0,3.0,3.0,200.0,2017.0,5.0,18.0,6.0,126.0,11.0,-1.0,4.02,4.03,3.97,4.08,4.1,81.2,18.8,49.8,11.9,2.7,0.6012168569617897,163.04707884288146,1763.0,1.0,-1.0,-1.0,-1.0,-1.0,-1.0,-1.0,-1.0,-1.0,1.0,-1.0,-1.0,-1.0,1.0,1.0,1.0,1.0,1.0,1.0,1.0,1.0,1.0,1.0,1.0,1.0,1.0,1.0])|282000|
|(135,[0,1,2,3,5,8,9,10,11,12,14,15,16,18,20,21,22,23,24,25,26,27,28,29,30,31,32,33,35,36,37,38,39,40,42,43,44,45,46,47,48,49,50,52,55,56,57,62,68,75,79,90,94,96,101,103,108,114,115,128,132],[288492.0,288492.0,1088.0,16.0,1763.0,1763.0,2017.0,0.05,1.0,1.0,1.0,3.0,3.0,200.0,2017.0,8.0,32.0,11.0,223.0,8.0,-1.0,3.9,3.93,3.92,3.96,4.03,81.2,18.8,49.8,11.9,2.7,0.6033920567559823,163.6369824163358,1763.0,1.0,-1.0,-1.0,-1.0,-1.0,-1.0,-1.0,-1.0,-1.0,1.0,-1.0,-1.0,-1.0,1.0,1.0,1.0,1.0,1.0,1.0,1.0,1.0,1.0,1.0,1.0,1.0,1.0,1.0])|280617|
|(135,[0,1,2,3,4,5,8,9,10,11,12,15,16,18,20,21,22,23,24,25,26,27,28,29,30,31,32,33,35,36,37,38,39,40,42,48,52,57,62,68,69,79,90,94,97,101,103,108,114,115,129,132],[292371.0,292371.0,698.0,3.0,1.0,1778.0,1778.0,2016.0,0.04,2.0,1.0,3.0,3.0,190.0,2017.0,3.0,9.0,3.0,62.0,8.0,-1.0,4.1,4.16,4.15,4.17,4.19,81.2,18.8,49.8,11.9,2.7,0.6115051336806682,164.43813273340834,1778.0,1.0,1.0,1.0,1.0,1.0,1.0,1.0,1.0,1.0,1.0,1.0,1.0,1.0,1.0,1.0,1.0,1.0,1.0])|289871|
|(135,[0,1,2,3,4,5,8,9,10,11,12,15,16,18,20,21,22,23,24,26,27,28,29,30,31,32,33,35,36,37,38,39,40,42,48,52,57,62,68,69,79,90,94,97,101,103,108,114,115,129,132],[292925.0,291925.0,698.0,50.0,1.0,1778.0,1778.0,2016.0,0.04,2.0,1.0,3.0,3.0,190.0,2017.0,3.0,10.0,6.0,65.0,-1.0,4.21,4.1,4.16,4.15,4.17,81.2,18.8,49.8,11.9,2.7,0.6126638458787285,164.74971878515188,1778.0,1.0,1.0,1.0,1.0,1.0,1.0,1.0,1.0,1.0,1.0,1.0,1.0,1.0,1.0,1.0,1.0,1.0,1.0])|282500|
|(135,[0,1,2,3,4,5,6,7,8,9,10,11,14,15,16,17,19,20,21,22,23,24,25,26,27,28,29,30,31,32,33,34,35,36,37,38,39,40,41,42,43,44,45,46,47,48,49,50,52,55,56,57,62,68,73,79,84,93,96,101,103,108,114,115,124,131,132],[299900.0,299900.0,1300.0,40.0,2.0,1324.0,1974.0,1974.0,2424.0,1967.0,0.43,1.0,2.0,3.0,4.0,1100.0,1974.0,2017.0,6.0,26.0,26.0,177.0,5.0,-1.0,3.88,3.9,3.91,3.89,3.94,9.8,22.4,67.8,14.0,35.8,14.6,0.6272523252676646,123.72112211221123,2424.0,0.006582194064688229,1.3333333333333333,-1.0,-1.0,-1.0,-1.0,-1.0,-1.0,-1.0,-1.0,1.0,-1.0,-1.0,-1.0,1.0,1.0,1.0,1.0,1.0,1.0,1.0,1.0,1.0,1.0,1.0,1.0,1.0,1.0,1.0])|289900|
|(135,[0,1,2,3,4,5,6,7,8,9,10,11,12,15,16,17,20,21,22,23,24,25,26,27,28,29,30,31,32,33,34,35,36,37,38,39,40,41,42,50,52,55,56,57,62,67,72,78,84,92,96,101,103,108,114,115,123,134],[299900.0,299900.0,1200.0,6.0,2.0,1380.0,1878.0,1878.0,2016.0,1960.0,0.574,1.0,1.0,2.0,3.0,636.0,2017.0,5.0,19.0,13.0,133.0,1.0,-1.0,4.05,4.02,4.03,3.97,4.08,9.8,22.4,67.8,49.8,11.9,2.7,0.6272523252676646,148.7599206349206,2016.0,0.00626208736245415,1.5,1.0,1.0,-1.0,-1.0,-1.0,1.0,1.0,1.0,1.0,1.0,1.0,1.0,1.0,1.0,1.0,1.0,1.0,1.0,1.0])|314500|
|(135,[0,1,2,3,4,5,6,7,8,9,10,11,12,15,16,17,19,20,21,22,23,24,25,26,27,28,29,30,31,32,33,34,35,36,37,38,39,40,41,42,43,44,45,46,47,48,49,50,52,55,56,57,62,68,77,78,89,92,96,102,103,108,110,115,126,131,133],[299900.0,320000.0,1148.0,32.0,1.0,1850.0,2333.0,2336.0,2450.0,1964.0,0.498,1.0,1.0,2.0,3.0,600.0,3.0,2017.0,5.0,19.0,12.0,132.0,5.0,-1.0,4.05,4.02,4.03,3.97,4.08,9.8,22.4,67.8,49.8,11.9,2.7,0.6272523252676646,122.40816326530613,2450.0,0.007779259753251084,1.5,-1.0,-1.0,-1.0,-1.0,-1.0,-1.0,-1.0,-1.0,1.0,-1.0,-1.0,-1.0,1.0,1.0,1.0,1.0,1.0,1.0,1.0,1.0,1.0,1.0,1.0,1.0,1.0,1.0,1.0])|280000|
|(135,[0,1,2,3,4,5,8,9,10,11,12,14,15,16,18,20,21,22,23,24,26,27,28,29,30,31,32,33,35,36,37,38,39,40,42,48,52,57,62,68,69,79,90,94,97,101,103,108,114,115,129,132],[299990.0,322618.0,1159.0,19.0,1.0,1807.0,1807.0,2017.0,0.04,1.0,1.0,1.0,3.0,3.0,225.0,2017.0,7.0,27.0,6.0,187.0,-1.0,3.96,3.88,3.9,3.91,3.89,81.2,18.8,49.8,11.9,2.7,0.6274405637113928,166.01549529607084,1807.0,1.0,1.0,1.0,1.0,1.0,1.0,1.0,1.0,1.0,1.0,1.0,1.0,1.0,1.0,1.0,1.0,1.0,1.0])|299990|
|(135,[0,1,2,3,4,5,6,7,8,9,10,11,14,15,16,17,20,21,22,23,24,25,26,27,28,29,30,31,32,33,34,35,36,37,38,39,40,41,42,43,44,45,46,47,48,49,50,51,52,53,54,56,62,68,70,78,89,92,96,101,103,108,114,115,123,133],[300000.0,350000.0,1506.0,8.0,2.0,1649.0,2746.0,2746.0,2519.0,1973.0,1.03,1.0,1.0,2.0,4.0,870.0,2017.0,5.0,18.0,4.0,124.0,2.0,-1.0,4.02,4.03,3.97,4.08,4.1,32.2,49.0,18.8,14.0,35.8,14.6,0.6274614790940293,119.09487892020643,2519.0,0.009153333333333331,2.0,-1.0,-1.0,-1.0,-1.0,-1.0,-1.0,-1.0,-1.0,-1.0,-1.0,-1.0,-1.0,1.0,1.0,1.0,1.0,1.0,1.0,1.0,1.0,1.0,1.0,1.0,1.0,1.0,1.0,1.0])|310000|
|(135,[0,1,2,3,5,6,7,8,9,10,11,14,15,16,17,19,20,21,22,23,24,25,26,27,28,29,30,31,32,33,34,35,36,37,38,39,40,41,42,43,44,45,46,47,48,49,50,53,55,56,57,62,68,74,79,84,92,96,101,103,108,114,115,123,131,132],[309000.0,309000.0,1100.0,14.0,1152.0,2693.0,2696.0,2052.0,1971.0,1.995,1.0,1.0,2.0,4.0,900.0,3.0,2017.0,4.0,16.0,17.0,107.0,2.0,-1.0,3.97,4.08,4.1,4.14,4.23,32.2,49.0,18.8,14.0,35.8,14.6,0.6462853234668502,150.58479532163742,2052.0,0.008715210355987055,2.0,-1.0,-1.0,-1.0,-1.0,-1.0,-1.0,-1.0,-1.0,1.0,-1.0,-1.0,-1.0,1.0,1.0,1.0,1.0,1.0,1.0,1.0,1.0,1.0,1.0,1.0,1.0,1.0,1.0,1.0])|319000|
|(135,[0,1,2,3,5,6,7,8,9,10,11,14,15,16,17,20,21,22,23,24,25,26,27,28,29,30,31,32,33,34,35,36,37,38,39,40,41,42,43,44,45,46,47,48,49,50,52,55,56,57,62,68,76,79,84,93,96,101,103,108,114,115,124,132],[309900.0,309900.0,1020.0,2.0,1064.0,2482.0,2482.0,1942.0,1969.0,0.72,1.0,1.0,2.0,4.0,878.0,2017.0,4.0,17.0,26.0,116.0,8.0,-1.0,4.03,3.97,4.08,4.1,4.14,9.8,22.4,67.8,14.0,35.8,14.6,0.6481677079041323,159.57775489186406,1942.0,0.008009035172636333,2.0,-1.0,-1.0,-1.0,-1.0,-1.0,-1.0,-1.0,-1.0,1.0,-1.0,-1.0,-1.0,1.0,1.0,1.0,1.0,1.0,1.0,1.0,1.0,1.0,1.0,1.0,1.0,1.0,1.0])|304000|
|(135,[0,1,2,3,4,5,8,9,10,11,12,15,16,18,20,21,22,23,24,25,26,27,28,29,30,31,32,33,35,36,37,38,39,40,42,48,52,57,62,68,69,79,90,94,97,101,103,108,114,115,129,133],[314584.0,314584.0,759.0,29.0,1.0,1911.0,1911.0,2016.0,0.06,2.0,1.0,3.0,3.0,190.0,2017.0,3.0,9.0,3.0,62.0,8.0,-1.0,4.1,4.16,4.15,4.17,4.19,81.2,18.8,49.8,11.9,2.7,0.6579644731310537,164.6174777603349,1911.0,1.0,1.0,1.0,1.0,1.0,1.0,1.0,1.0,1.0,1.0,1.0,1.0,1.0,1.0,1.0,1.0,1.0,1.0])|307500|
|(135,[0,1,2,3,4,5,8,9,10,11,12,14,15,16,18,20,21,22,23,24,25,26,27,28,29,30,31,32,33,35,36,37,38,39,40,42,48,52,57,62,68,77,79,90,94,97,101,103,108,114,115,129,133],[316671.0,315671.0,759.0,27.0,1.0,1911.0,1911.0,2017.0,0.06,1.0,1.0,1.0,3.0,3.0,200.0,2017.0,4.0,14.0,8.0,98.0,1.0,-1.0,4.1,4.14,4.23,4.3,4.21,81.2,18.8,49.8,11.9,2.7,0.6623295134872845,165.70957613814755,1911.0,1.0,1.0,1.0,1.0,1.0,1.0,1.0,1.0,1.0,1.0,1.0,1.0,1.0,1.0,1.0,1.0,1.0,1.0])|311401|
|(135,[0,1,2,3,4,5,6,7,8,9,10,11,15,16,17,19,20,21,22,23,24,25,26,27,28,29,30,31,32,33,34,35,36,37,38,39,40,41,42,43,44,45,46,47,48,49,50,51,52,53,54,55,56,57,62,68,76,78,79,80,81,82,83,89,92,96,101,103,108,114,115,122,133],[319000.0,319000.0,1580.0,7.0,1.0,2060.0,2725.0,2728.0,2310.0,1978.0,1.087,2.0,2.0,3.0,250.0,3.0,2017.0,6.0,23.0,8.0,159.0,1.0,-1.0,3.89,3.94,3.95,4.02,4.05,32.2,49.0,18.8,49.8,11.9,2.7,0.6672007061033178,138.0952380952381,2310.0,0.008542319749216301,1.5,-1.0,-1.0,-1.0,-1.0,-1.0,-1.0,-1.0,-1.0,-1.0,-1.0,-1.0,-1.0,-1.0,-1.0,-1.0,1.0,1.0,1.0,-1.0,-1.0,-1.0,-1.0,-1.0,-1.0,1.0,1.0,1.0,1.0,1.0,1.0,1.0,1.0,1.0,1.0])|305000|
|(135,[0,1,2,3,4,5,6,7,8,9,10,11,14,15,16,17,19,20,21,22,23,24,25,26,27,28,29,30,31,32,33,34,35,36,37,38,39,40,41,42,45,52,55,56,57,62,68,77,81,89,92,96,101,103,108,110,115,123,131,132],[325000.0,325000.0,1720.0,18.0,2.0,1720.0,2247.0,2250.0,2695.0,1974.0,0.6890000000000001,1.0,1.0,2.0,3.0,975.0,3.0,2017.0,6.0,22.0,1.0,152.0,5.0,-1.0,3.94,3.95,4.02,4.05,4.02,32.2,49.0,18.8,49.8,11.9,2.7,0.6797499356851984,120.59369202226343,2695.0,0.006913846153846154,1.5,1.0,1.0,-1.0,-1.0,-1.0,1.0,1.0,1.0,1.0,1.0,1.0,1.0,1.0,1.0,1.0,1.0,1.0,1.0,1.0,1.0])|317000|
|(135,[0,1,2,3,4,5,6,7,8,9,10,11,12,14,15,16,17,18,20,21,22,23,24,25,26,27,28,29,30,31,32,33,35,36,37,38,39,40,41,42,43,44,45,46,47,48,49,50,52,57,62,68,69,79,94,97,101,103,108,114,115,129,132],[325990.0,343645.0,1159.0,39.0,1.0,1807.0,222.0,222.0,2257.0,2017.0,0.04,1.0,2.0,1.0,4.0,3.0,450.0,225.0,2017.0,10.0,40.0,6.0,279.0,8.0,-1.0,3.85,3.83,3.83,3.78,3.78,81.2,18.8,49.8,11.9,2.7,0.6818205585662087,144.43509082853345,2257.0,6.810024847387956E-4,0.75,-1.0,-1.0,-1.0,-1.0,-1.0,-1.0,-1.0,-1.0,1.0,1.0,1.0,1.0,1.0,1.0,1.0,1.0,1.0,1.0,1.0,1.0,1.0,1.0,1.0])|320000|
|(135,[0,1,2,3,4,5,8,9,10,11,12,14,15,16,18,20,21,22,23,24,26,27,28,29,30,31,32,33,35,36,37,38,39,40,42,48,52,57,62,68,69,79,90,94,97,101,103,108,114,115,129,132],[328663.0,328663.0,1159.0,38.0,1.0,1807.0,1807.0,2017.0,0.04,1.0,1.0,1.0,3.0,3.0,225.0,2017.0,9.0,35.0,2.0,245.0,-1.0,3.82,3.86,3.89,3.9,3.93,81.2,18.8,49.8,11.9,2.7,0.6874112403449365,181.88323187603763,1807.0,1.0,1.0,1.0,1.0,1.0,1.0,1.0,1.0,1.0,1.0,1.0,1.0,1.0,1.0,1.0,1.0,1.0,1.0])|310000|
|(135,[0,1,2,3,4,5,6,7,8,9,10,11,14,15,16,17,19,20,21,22,23,24,25,26,27,28,29,30,31,32,33,34,36,37,38,39,40,41,42,43,44,45,46,47,48,49,50,52,55,56,57,62,68,73,83,89,92,96,101,103,108,115,124,133],[329900.0,329900.0,1272.0,8.0,1.0,1272.0,3102.0,3500.0,2312.0,1978.0,1.025,1.0,1.0,2.0,5.0,1040.0,398.0,2017.0,7.0,30.0,26.0,207.0,1.0,-1.0,3.92,3.96,4.03,3.96,3.88,32.2,49.0,18.8,14.0,50.4,0.6899984731770675,142.69031141868513,2312.0,0.009402849348287359,2.5,-1.0,-1.0,-1.0,-1.0,-1.0,-1.0,-1.0,-1.0,1.0,-1.0,-1.0,-1.0,1.0,1.0,1.0,1.0,1.0,1.0,1.0,1.0,1.0,1.0,1.0,1.0,1.0])|315000|
|(135,[0,1,2,3,4,5,6,7,8,9,10,11,12,14,15,16,17,20,21,22,23,24,26,27,28,29,30,31,32,33,34,35,36,37,38,39,40,41,42,43,44,45,46,47,48,49,50,52,55,56,57,62,68,77,79,89,93,96,101,103,108,110,115,119,132],[329900.0,329900.0,855.0,55.0,1.0,1640.0,3174.0,3174.0,2080.0,1987.0,1.83,1.0,1.0,1.0,3.0,4.0,440.0,2017.0,4.0,16.0,17.0,107.0,-1.0,3.97,4.08,4.1,4.14,4.23,32.2,49.0,18.8,14.0,35.8,14.6,0.6899984731770675,158.60576923076925,2080.0,0.009621097302212792,1.3333333333333333,-1.0,-1.0,-1.0,-1.0,-1.0,-1.0,-1.0,-1.0,1.0,-1.0,-1.0,-1.0,1.0,1.0,1.0,1.0,1.0,1.0,1.0,1.0,1.0,1.0,1.0,1.0,1.0,1.0])|325000|
|(135,[0,1,2,3,4,5,6,7,8,9,10,11,14,15,16,17,20,21,22,23,24,25,26,27,28,29,30,31,32,33,34,35,36,37,38,39,40,41,42,43,44,45,46,47,48,49,50,52,55,56,57,62,68,77,79,89,95,96,101,103,108,114,115,122,131,132],[330000.0,330000.0,1064.0,54.0,1.0,1808.0,2560.0,2560.0,2108.0,1979.0,1.04,1.0,1.0,2.0,4.0,300.0,2017.0,5.0,20.0,17.0,137.0,2.0,-1.0,4.02,4.05,4.02,4.03,3.97,32.2,49.0,18.8,14.0,35.8,14.6,0.6902076270034322,156.54648956356738,2108.0,0.0077575757575757565,2.0,-1.0,-1.0,-1.0,-1.0,-1.0,-1.0,-1.0,-1.0,1.0,-1.0,-1.0,-1.0,1.0,1.0,1.0,1.0,1.0,1.0,1.0,1.0,1.0,1.0,1.0,1.0,1.0,1.0,1.0])|324000|
|(135,[0,1,2,3,4,5,6,7,8,9,10,11,14,15,16,17,19,20,21,22,23,24,25,26,27,28,29,30,31,32,33,34,35,36,37,38,39,40,41,42,43,44,45,46,47,48,49,50,52,57,62,67,76,78,84,92,96,101,103,108,110,115,124,131,132],[335000.0,345000.0,1388.0,59.0,2.0,1388.0,3051.0,3054.0,2678.0,1971.0,0.73,1.0,1.0,2.0,4.0,1290.0,3.0,2017.0,5.0,20.0,15.0,135.0,1.0,-1.0,4.02,4.05,4.02,4.03,3.97,32.2,49.0,18.8,14.0,35.8,14.6,0.700665318321666,125.09335324869305,2678.0,0.009107462686567164,2.0,-1.0,-1.0,-1.0,-1.0,-1.0,-1.0,-1.0,-1.0,1.0,1.0,1.0,1.0,1.0,1.0,1.0,1.0,1.0,1.0,1.0,1.0,1.0,1.0,1.0,1.0,1.0])|335000|
|(135,[0,1,2,3,4,5,6,7,8,9,10,11,12,14,15,16,17,20,21,22,23,24,26,27,28,29,30,31,32,33,34,35,36,37,38,39,40,41,42,43,44,45,46,47,48,49,50,52,57,62,68,69,78,84,94,96,101,103,108,114,115,126,132],[349900.0,349900.0,1172.0,20.0,1.0,2090.0,2750.0,2750.0,2641.0,1977.0,1.12,1.0,1.0,1.0,3.0,4.0,551.0,2017.0,6.0,25.0,23.0,174.0,-1.0,3.9,3.91,3.89,3.94,3.95,32.2,49.0,18.8,14.0,35.8,14.6,0.7318292384500028,132.48769405528208,2641.0,0.007859388396684767,1.3333333333333333,-1.0,-1.0,-1.0,-1.0,-1.0,-1.0,-1.0,-1.0,1.0,1.0,1.0,1.0,1.0,1.0,1.0,1.0,1.0,1.0,1.0,1.0,1.0,1.0,1.0,1.0])|364900|
|(135,[0,1,2,4,5,6,7,8,9,10,11,13,14,15,16,17,20,21,22,23,24,25,26,27,28,29,30,31,32,33,34,35,36,37,38,39,40,41,42,43,44,45,46,47,48,49,50,51,52,53,54,55,56,57,62,67,68,75,78,79,80,81,82,83,84,92,93,94,95,96,101,103,108,110,115,126,132],[380000.0,380000.0,1176.0,1.0,2542.0,4238.0,4238.0,3342.0,1978.0,1.11,1.0,1.0,2.0,4.0,4.0,800.0,2017.0,7.0,27.0,5.0,186.0,21.0,-1.0,3.96,3.88,3.9,3.91,3.89,32.2,49.0,18.8,14.0,35.8,14.6,0.7947845401857704,113.704368641532,3342.0,0.011152631578947369,1.0,-1.0,-1.0,-1.0,-1.0,-1.0,-1.0,-1.0,-1.0,-1.0,-1.0,-1.0,-1.0,-1.0,-1.0,-1.0,1.0,-1.0,-1.0,1.0,-1.0,-1.0,-1.0,-1.0,-1.0,-1.0,1.0,-1.0,-1.0,-1.0,-1.0,1.0,1.0,1.0,1.0,1.0,1.0,1.0,1.0])|380000|
|(135,[0,1,2,3,4,5,6,7,8,9,10,11,12,15,16,18,20,21,22,23,24,25,26,27,28,29,30,31,32,33,35,36,37,38,39,40,41,42,50,52,55,56,57,62,68,77,78,89,94,96,101,103,108,114,115,126,133],[380000.0,380000.0,1012.0,6.0,1.0,2094.0,3069.0,3069.0,2094.0,2002.0,0.26,2.0,1.0,3.0,4.0,450.0,2017.0,3.0,10.0,8.0,67.0,6.0,-1.0,4.21,4.1,4.16,4.15,4.17,81.2,18.8,14.0,35.8,14.6,0.7947845401857704,181.47086914995225,2094.0,0.008076315789473685,1.3333333333333333,1.0,1.0,-1.0,-1.0,-1.0,1.0,1.0,1.0,1.0,1.0,1.0,1.0,1.0,1.0,1.0,1.0,1.0,1.0,1.0])|385000|
|(135,[0,1,2,4,5,8,9,10,11,12,14,15,16,18,20,21,22,23,24,25,26,27,28,29,30,31,32,33,35,36,37,38,39,40,42,50,52,55,56,57,62,68,75,79,91,94,96,101,103,108,110,115,127,132],[381505.0,381505.0,980.0,1.0,2200.0,2200.0,2017.0,0.113,1.0,1.0,1.0,3.0,3.0,125.0,2017.0,10.0,41.0,11.0,284.0,14.0,-1.0,3.91,3.85,3.83,3.83,3.78,81.2,18.8,49.8,11.9,2.7,0.7979323052725588,173.41136363636363,2200.0,1.0,1.0,1.0,-1.0,-1.0,-1.0,1.0,1.0,1.0,1.0,1.0,1.0,1.0,1.0,1.0,1.0,1.0,1.0,1.0,1.0])|381970|
|(135,[0,1,2,3,4,5,6,7,8,9,10,11,12,15,16,18,19,20,21,22,23,24,25,26,27,28,29,30,31,32,33,35,36,37,38,39,40,41,42,43,44,45,46,47,48,49,50,52,55,56,57,62,68,73,82,89,94,96,101,103,108,114,115,129,133],[383000.0,400000.0,1568.0,71.0,1.0,2272.0,2664.0,2664.0,2272.0,2003.0,0.084,2.0,1.0,3.0,3.0,253.0,3.0,2017.0,7.0,27.0,9.0,190.0,21.0,-1.0,3.96,3.88,3.9,3.91,3.89,81.2,18.8,49.8,11.9,2.7,0.8010591549767108,168.57394366197184,2272.0,0.0069556135770234995,1.0,-1.0,-1.0,-1.0,-1.0,-1.0,-1.0,-1.0,-1.0,1.0,-1.0,-1.0,-1.0,1.0,1.0,1.0,1.0,1.0,1.0,1.0,1.0,1.0,1.0,1.0,1.0,1.0,1.0])|375000|
|(135,[0,1,2,3,4,5,6,7,8,9,10,11,12,15,16,18,20,21,22,23,24,25,26,27,28,29,30,31,32,33,35,36,37,38,39,40,41,42,49,57,62,68,77,79,84,94,96,101,103,108,114,115,126,131,132],[384900.0,384900.0,1124.0,14.0,1.0,2437.0,184.0,184.0,2437.0,2017.0,0.21,2.0,1.0,3.0,4.0,120.0,2017.0,5.0,19.0,11.0,131.0,21.0,-1.0,4.05,4.02,4.03,3.97,4.08,81.2,18.8,14.0,35.8,14.6,0.8050330776776395,157.9400902749282,2437.0,4.7804624577812424E-4,1.3333333333333333,1.0,1.0,1.0,1.0,1.0,1.0,1.0,1.0,1.0,1.0,1.0,1.0,1.0,1.0,1.0,1.0,1.0])|380000|
|(135,[0,1,2,3,4,5,6,7,8,9,10,11,12,15,16,18,20,21,22,23,24,25,26,27,28,29,30,31,32,33,35,36,37,38,39,40,41,42,49,57,62,68,75,79,84,94,96,101,103,108,114,115,126,131,132],[389900.0,394900.0,1124.0,72.0,1.0,2428.0,184.0,184.0,2428.0,2017.0,0.19,2.0,1.0,3.0,4.0,125.0,2017.0,4.0,17.0,29.0,119.0,18.0,-1.0,4.03,3.97,4.08,4.1,4.14,81.2,18.8,14.0,35.8,14.6,0.8154907689958734,160.5848434925865,2428.0,4.7191587586560655E-4,1.3333333333333333,1.0,1.0,1.0,1.0,1.0,1.0,1.0,1.0,1.0,1.0,1.0,1.0,1.0,1.0,1.0,1.0,1.0])|389900|
|(135,[0,1,2,3,4,5,6,7,8,9,10,11,12,15,16,18,20,21,22,23,24,25,26,27,28,29,30,31,32,33,35,36,37,38,39,40,41,42,49,52,57,62,68,77,78,89,94,96,101,103,108,114,115,126,131,132],[390000.0,400000.0,1240.0,27.0,1.0,2304.0,3258.0,3258.0,2304.0,2002.0,0.31,2.0,1.0,3.0,4.0,450.0,2017.0,9.0,37.0,12.0,255.0,4.0,-1.0,3.78,3.78,3.82,3.86,3.89,81.2,18.8,14.0,35.8,14.6,0.8156999228222379,169.27083333333334,2304.0,0.008353846153846154,1.3333333333333333,1.0,1.0,1.0,1.0,1.0,1.0,1.0,1.0,1.0,1.0,1.0,1.0,1.0,1.0,1.0,1.0,1.0,1.0])|382500|
|(135,[0,1,2,3,4,5,6,7,8,9,10,11,12,15,16,17,20,21,22,23,24,25,26,27,28,29,30,31,32,33,34,35,36,37,38,39,40,41,42,43,44,45,46,47,48,49,50,51,52,53,54,55,56,57,62,77,78,89,94,96,101,103,108,114,115,126,133],[392500.0,392500.0,1106.0,26.0,1.0,1930.0,3238.0,3238.0,2730.0,1990.0,1.5,2.0,1.0,3.0,3.0,800.0,2017.0,4.0,15.0,13.0,103.0,21.0,-1.0,4.08,4.1,4.14,4.23,4.3,32.2,49.0,18.8,49.8,11.9,2.7,0.820928768481355,143.77289377289378,2730.0,0.008249681528662421,1.0,-1.0,-1.0,-1.0,-1.0,-1.0,-1.0,-1.0,-1.0,-1.0,-1.0,-1.0,-1.0,-1.0,-1.0,-1.0,1.0,1.0,1.0,1.0,1.0,1.0,1.0,1.0,1.0,1.0,1.0,1.0,1.0])|386000|
|(135,[0,1,2,3,4,5,6,7,8,9,10,11,12,15,16,18,20,21,22,23,24,25,26,27,28,29,30,31,32,33,35,36,37,38,39,40,41,42,49,55,56,57,62,68,77,79,84,94,96,101,103,108,114,115,126,131,132],[394900.0,419900.0,1295.0,66.0,1.0,2768.0,184.0,184.0,2768.0,2017.0,0.24,2.0,1.0,3.0,4.0,125.0,2017.0,7.0,28.0,14.0,195.0,12.0,-1.0,4.03,3.96,3.88,3.9,3.91,81.2,18.8,14.0,35.8,14.6,0.8259484603141072,142.66618497109826,2768.0,4.6594074449227645E-4,1.3333333333333333,1.0,-1.0,-1.0,-1.0,1.0,1.0,1.0,1.0,1.0,1.0,1.0,1.0,1.0,1.0,1.0,1.0,1.0,1.0,1.0])|394900|
|(135,[0,1,2,3,4,5,6,7,8,9,10,11,12,15,16,17,18,19,20,21,22,23,24,25,26,27,28,29,30,31,32,33,35,36,37,38,39,40,41,42,43,44,45,46,47,48,49,50,52,55,56,57,62,67,68,73,79,89,94,96,101,103,108,114,115,126,133],[394900.0,424900.0,1250.0,146.0,1.0,2500.0,3699.0,3702.0,3200.0,2001.0,0.383,2.0,1.0,3.0,4.0,700.0,450.0,3.0,2017.0,6.0,24.0,16.0,167.0,4.0,-1.0,3.91,3.89,3.94,3.95,4.02,81.2,18.8,14.0,35.8,14.6,0.8259484603141072,123.40625,3200.0,0.009366928336287668,1.3333333333333333,-1.0,-1.0,-1.0,-1.0,-1.0,-1.0,-1.0,-1.0,1.0,-1.0,-1.0,-1.0,1.0,-1.0,-1.0,1.0,1.0,1.0,1.0,1.0,1.0,1.0,1.0,1.0,1.0,1.0,1.0])|394900|
|(135,[0,1,2,3,4,5,6,7,8,9,10,11,12,14,15,16,17,19,20,21,22,23,24,25,26,27,28,29,30,31,32,33,34,35,36,37,38,39,40,41,42,49,52,57,62,68,73,78,89,94,96,101,103,108,114,115,126,133],[399900.0,399900.0,1176.0,2.0,1.0,2072.0,3295.0,3298.0,2822.0,1989.0,1.513,2.0,1.0,1.0,4.0,4.0,750.0,3.0,2017.0,7.0,30.0,24.0,205.0,21.0,-1.0,3.92,3.96,4.03,3.96,3.88,32.2,49.0,18.8,14.0,35.8,14.6,0.836406151632341,141.70800850460662,2822.0,0.008239559889972494,1.0,1.0,1.0,1.0,1.0,1.0,1.0,1.0,1.0,1.0,1.0,1.0,1.0,1.0,1.0,1.0,1.0,1.0])|426000|
|(135,[0,1,2,3,5,6,7,8,9,10,11,12,15,16,18,20,21,22,23,24,26,27,28,29,30,31,32,33,35,36,37,38,39,40,41,42,43,44,45,46,47,48,49,50,55,56,57,62,67,68,77,78,79,80,81,82,83,84,94,96,101,103,108,114,115,126,131,132],[399900.0,414900.0,1139.0,35.0,2624.0,184.0,184.0,2624.0,2017.0,0.26,2.0,1.0,3.0,4.0,125.0,2017.0,4.0,16.0,20.0,110.0,-1.0,3.97,4.08,4.1,4.14,4.23,81.2,18.8,14.0,35.8,14.6,0.836406151632341,152.40091463414637,2624.0,4.601150287571894E-4,1.3333333333333333,-1.0,-1.0,-1.0,-1.0,-1.0,-1.0,-1.0,-1.0,-1.0,-1.0,-1.0,1.0,-1.0,-1.0,1.0,-1.0,-1.0,-1.0,-1.0,-1.0,-1.0,1.0,1.0,1.0,1.0,1.0,1.0,1.0,1.0,1.0,1.0,1.0])|415000|
|(135,[0,1,2,3,5,6,7,8,9,10,11,14,15,16,17,19,20,21,22,23,24,26,27,28,29,30,31,32,33,34,36,37,38,39,40,41,42,52,55,56,57,62,67,68,77,78,79,80,81,82,83,89,92,96,101,103,108,114,115,124,133],[399900.0,409900.0,1806.0,51.0,1566.0,3183.0,3186.0,2872.0,1985.0,1.682,1.0,2.0,3.0,5.0,1306.0,3.0,2017.0,3.0,10.0,11.0,70.0,-1.0,4.21,4.1,4.16,4.15,4.17,32.2,49.0,18.8,14.0,50.4,0.836406151632341,139.2409470752089,2872.0,0.007959489872468117,1.6666666666666667,1.0,-1.0,-1.0,-1.0,1.0,-1.0,-1.0,1.0,-1.0,-1.0,-1.0,-1.0,-1.0,-1.0,1.0,1.0,1.0,1.0,1.0,1.0,1.0,1.0,1.0,1.0])|384000|
|(135,[0,1,2,3,4,5,6,7,8,9,10,11,12,15,16,19,20,21,22,23,24,25,26,27,28,29,30,31,32,33,34,35,36,37,38,39,40,41,42,43,44,45,46,47,48,49,50,52,55,56,57,62,68,73,79,84,94,96,101,103,108,115,126,132],[400000.0,400000.0,1013.0,16.0,1.0,1987.0,3805.0,3808.0,1987.0,1978.0,6.035,1.0,1.0,2.0,4.0,3.0,2017.0,7.0,27.0,5.0,186.0,6.0,-1.0,3.96,3.88,3.9,3.91,3.89,32.2,49.0,18.8,14.0,35.8,14.6,0.8366153054587057,201.30850528434826,1987.0,0.0095125,2.0,-1.0,-1.0,-1.0,-1.0,-1.0,-1.0,-1.0,-1.0,1.0,-1.0,-1.0,-1.0,1.0,1.0,1.0,1.0,1.0,1.0,1.0,1.0,1.0,1.0,1.0,1.0,1.0])|410000|
|(135,[0,1,2,4,5,6,7,8,9,10,11,14,15,16,18,20,21,22,23,24,25,26,27,28,29,30,31,32,33,35,36,38,39,40,41,42,50,52,55,56,57,62,68,75,79,91,92,96,101,103,108,110,115,127,132],[400690.0,400690.0,1890.0,1.0,1890.0,202.0,202.0,1890.0,2017.0,0.149,1.0,1.0,2.0,2.0,125.0,2017.0,6.0,25.0,21.0,172.0,20.0,-1.0,3.9,3.91,3.89,3.94,3.95,81.2,18.8,61.7,2.7,0.838058466860622,212.00529100529099,1890.0,5.041303751029474E-4,1.0,1.0,1.0,-1.0,-1.0,-1.0,1.0,1.0,1.0,1.0,1.0,1.0,1.0,1.0,1.0,1.0,1.0,1.0,1.0,1.0])|400690|
|(135,[0,1,2,4,5,6,7,8,9,10,11,15,16,18,20,21,22,23,24,25,26,27,28,29,30,31,32,33,35,36,37,38,39,40,41,42,50,52,55,56,57,62,68,75,79,91,92,96,101,103,108,110,115,127,132],[404446.0,404446.0,1893.0,1.0,1893.0,202.0,202.0,1893.0,2017.0,0.14,2.0,2.0,3.0,125.0,2017.0,6.0,25.0,20.0,171.0,-1.0,-1.0,3.9,3.91,3.89,3.94,3.95,81.2,18.8,49.8,11.9,2.7,0.8459142845788792,213.65346011621762,1893.0,4.99448628494286E-4,1.5,1.0,1.0,-1.0,-1.0,-1.0,1.0,1.0,1.0,1.0,1.0,1.0,1.0,1.0,1.0,1.0,1.0,1.0,1.0,1.0])|404446|
|(135,[0,1,2,3,4,5,6,7,8,9,10,11,12,15,16,18,20,21,22,23,24,26,27,28,29,30,31,32,33,35,36,37,38,39,40,41,42,43,44,45,46,47,48,49,50,52,57,62,68,73,81,84,94,96,101,103,108,114,115,126,132],[407000.0,407000.0,1160.0,39.0,1.0,2594.0,186.0,186.0,2594.0,2017.0,0.13,2.0,1.0,3.0,4.0,175.0,2017.0,7.0,28.0,12.0,193.0,-1.0,4.03,3.96,3.88,3.9,3.91,81.2,18.8,14.0,35.8,14.6,0.8512560733042329,156.90053970701618,2594.0,4.57002457002457E-4,1.3333333333333333,-1.0,-1.0,-1.0,-1.0,-1.0,-1.0,-1.0,-1.0,1.0,1.0,1.0,1.0,1.0,1.0,1.0,1.0,1.0,1.0,1.0,1.0,1.0,1.0,1.0,1.0])|407000|
|(135,[0,1,2,3,4,5,6,7,8,9,10,11,14,15,16,17,20,21,22,23,24,25,26,27,28,29,30,31,32,33,34,36,37,38,39,40,41,42,46,52,55,56,57,62,68,77,79,89,95,96,101,103,108,114,115,126,132],[409900.0,425000.0,1290.0,18.0,1.0,2016.0,3524.0,3524.0,3026.0,1998.0,2.542,1.0,2.0,3.0,5.0,1010.0,2017.0,7.0,28.0,10.0,191.0,21.0,-1.0,4.03,3.96,3.88,3.9,3.91,32.2,49.0,18.8,14.0,50.4,0.8573215342688086,135.45935228023794,3026.0,0.008597218833861917,1.6666666666666667,1.0,1.0,-1.0,-1.0,-1.0,1.0,1.0,1.0,1.0,1.0,1.0,1.0,1.0,1.0,1.0,1.0,1.0,1.0,1.0])|405000|
|(135,[0,1,2,3,4,5,6,7,8,9,11,12,14,15,16,18,20,21,22,23,24,25,26,27,28,29,30,31,32,33,35,36,37,38,39,40,41,42,49,57,63,69,79,84,93,96,101,103,108,114,115,126,131,132],[409900.0,418900.0,1295.0,45.0,1.0,2768.0,184.0,184.0,2768.0,2017.0,2.0,1.0,1.0,4.0,4.0,125.0,2017.0,5.0,21.0,26.0,146.0,5.0,-1.0,3.95,4.02,4.05,4.02,4.03,81.2,18.8,14.0,35.8,14.6,0.8573215342688086,148.0852601156069,2768.0,4.4888997316418634E-4,1.0,1.0,1.0,1.0,1.0,1.0,1.0,1.0,1.0,1.0,1.0,1.0,1.0,1.0,1.0,1.0,1.0])|405000|
|(135,[0,1,2,3,4,5,6,8,9,10,11,12,15,16,18,19,20,21,22,23,24,26,27,28,29,30,31,32,33,35,36,37,38,39,40,41,42,43,44,45,46,47,48,49,50,52,55,56,57,62,68,75,79,89,94,96,101,103,108,114,115,126,133],[409990.0,436255.0,1086.0,143.0,1.0,2480.0,550.0,2480.0,2017.0,0.224,2.0,1.0,3.0,4.0,145.0,259.0,2017.0,6.0,24.0,12.0,163.0,-1.0,3.91,3.89,3.94,3.95,4.02,81.2,18.8,14.0,35.8,14.6,0.8575097727125369,165.31854838709674,2480.0,0.00134149613405205,1.3333333333333333,-1.0,-1.0,-1.0,-1.0,-1.0,-1.0,-1.0,-1.0,1.0,-1.0,-1.0,-1.0,1.0,1.0,1.0,1.0,1.0,1.0,1.0,1.0,1.0,1.0,1.0,1.0,1.0,1.0])|404005|
|(135,[0,1,2,3,4,5,6,7,8,9,10,11,15,16,17,19,20,21,22,23,24,25,26,27,28,29,30,31,32,33,34,36,37,38,39,40,41,42,49,52,57,62,68,76,78,79,80,81,82,83,84,92,96,101,103,108,110,115,123,134],[410000.0,429900.0,1500.0,71.0,2.0,1500.0,3479.0,3482.0,2900.0,1967.0,0.81,2.0,2.0,5.0,1400.0,3.0,2017.0,6.0,22.0,1.0,152.0,21.0,-1.0,3.94,3.95,4.02,4.05,4.02,9.8,22.4,67.8,14.0,50.4,0.8575306880951734,141.3793103448276,2900.0,0.008485365853658536,2.5,1.0,1.0,1.0,1.0,1.0,1.0,-1.0,-1.0,-1.0,-1.0,-1.0,-1.0,1.0,1.0,1.0,1.0,1.0,1.0,1.0,1.0,1.0,1.0])|410000|
|(135,[0,1,2,3,5,6,7,8,9,10,11,12,15,16,18,20,21,22,23,24,25,26,27,28,29,30,31,32,33,35,36,37,38,39,40,41,42,43,44,45,46,47,48,49,50,51,52,53,54,55,56,57,62,67,68,77,78,79,80,81,82,83,84,92,93,94,95,96,101,103,108,114,115,126,132],[412400.0,412400.0,1040.0,7.0,2600.0,126.0,126.0,2600.0,2017.0,0.24,2.0,1.0,3.0,4.0,50.0,2017.0,4.0,16.0,21.0,111.0,21.0,-1.0,3.97,4.08,4.1,4.14,4.23,81.2,18.8,14.0,35.8,14.6,0.8625503799279256,158.61538461538458,2600.0,3.0552861299709016E-4,1.3333333333333333,-1.0,-1.0,-1.0,-1.0,-1.0,-1.0,-1.0,-1.0,-1.0,-1.0,-1.0,-1.0,-1.0,-1.0,-1.0,1.0,-1.0,-1.0,1.0,-1.0,-1.0,-1.0,-1.0,-1.0,-1.0,1.0,-1.0,-1.0,-1.0,-1.0,1.0,1.0,1.0,1.0,1.0,1.0,1.0,1.0])|421676|
|(135,[0,1,2,3,4,5,6,7,8,9,10,11,12,15,16,18,20,21,22,23,24,26,27,28,29,30,31,32,33,35,36,37,38,39,40,41,42,43,44,45,46,47,48,49,50,51,52,53,54,55,56,57,62,67,68,77,78,79,80,81,82,83,84,92,93,94,95,96,101,103,108,114,115,126,132],[415000.0,415000.0,1088.0,21.0,1.0,2519.0,184.0,184.0,2519.0,2016.0,0.35,2.0,1.0,3.0,4.0,50.0,2017.0,7.0,31.0,31.0,212.0,-1.0,3.93,3.92,3.96,4.03,3.96,81.2,18.8,14.0,35.8,14.6,0.8679883794134072,164.74791583961888,2519.0,4.433734939759037E-4,1.3333333333333333,-1.0,-1.0,-1.0,-1.0,-1.0,-1.0,-1.0,-1.0,-1.0,-1.0,-1.0,-1.0,-1.0,-1.0,-1.0,1.0,-1.0,-1.0,1.0,-1.0,-1.0,-1.0,-1.0,-1.0,-1.0,1.0,-1.0,-1.0,-1.0,-1.0,1.0,1.0,1.0,1.0,1.0,1.0,1.0,1.0])|415000|
|(135,[0,1,2,4,5,6,7,8,9,10,11,15,16,17,18,19,20,21,22,23,24,25,26,27,28,29,30,31,32,33,35,36,37,38,39,40,41,42,43,44,45,46,47,48,49,50,51,52,53,54,55,56,57,62,67,68,77,78,79,80,81,82,83,84,92,93,94,95,96,101,103,108,110,115,127,132],[416000.0,416000.0,1647.0,1.0,1647.0,166.0,254.0,1797.0,2017.0,0.25,2.0,2.0,3.0,150.0,143.0,88.0,2017.0,4.0,16.0,20.0,110.0,-1.0,-1.0,3.97,4.08,4.1,4.14,4.23,81.2,18.8,49.8,11.9,2.7,0.8700799176770541,231.49693934335,1797.0,3.990384615384615E-4,1.5,-1.0,-1.0,-1.0,-1.0,-1.0,-1.0,-1.0,-1.0,-1.0,-1.0,-1.0,-1.0,-1.0,-1.0,-1.0,1.0,-1.0,-1.0,1.0,-1.0,-1.0,-1.0,-1.0,-1.0,-1.0,1.0,-1.0,-1.0,-1.0,-1.0,1.0,1.0,1.0,1.0,1.0,1.0,1.0,1.0])|416193|
|(135,[0,1,2,3,5,6,7,8,9,10,11,12,15,16,18,20,21,22,23,24,25,26,27,28,29,30,31,32,33,35,36,37,38,39,40,41,42,43,44,45,46,47,48,49,50,51,52,53,54,55,56,57,62,67,68,77,78,79,80,81,82,83,84,92,93,94,95,96,101,103,108,114,115,126,132],[418000.0,418000.0,1040.0,78.0,2600.0,126.0,126.0,2600.0,2017.0,0.25,2.0,1.0,3.0,4.0,50.0,2017.0,6.0,23.0,8.0,159.0,9.0,-1.0,3.89,3.94,3.95,4.02,4.05,81.2,18.8,14.0,35.8,14.6,0.8742629942043475,160.76923076923075,2600.0,3.0143540669856465E-4,1.3333333333333333,-1.0,-1.0,-1.0,-1.0,-1.0,-1.0,-1.0,-1.0,-1.0,-1.0,-1.0,-1.0,-1.0,-1.0,-1.0,1.0,-1.0,-1.0,1.0,-1.0,-1.0,-1.0,-1.0,-1.0,-1.0,1.0,-1.0,-1.0,-1.0,-1.0,1.0,1.0,1.0,1.0,1.0,1.0,1.0,1.0])|416113|
|(135,[0,1,2,3,4,5,6,7,8,9,10,11,15,16,18,20,21,22,23,24,25,26,27,28,29,30,31,32,33,35,36,38,39,40,41,42,43,44,45,46,47,48,49,50,51,52,53,54,55,56,57,62,68,75,79,84,92,96,101,103,108,110,115,123,132],[418000.0,420000.0,1791.0,49.0,1.0,1791.0,254.0,254.0,1791.0,2016.0,0.19,2.0,2.0,2.0,143.0,2017.0,3.0,10.0,10.0,69.0,20.0,-1.0,4.21,4.1,4.16,4.15,4.17,81.2,18.8,61.7,2.7,0.8742629942043475,233.3891680625349,1791.0,6.076555023923445E-4,1.0,-1.0,-1.0,-1.0,-1.0,-1.0,-1.0,-1.0,-1.0,-1.0,-1.0,-1.0,-1.0,-1.0,-1.0,-1.0,1.0,1.0,1.0,1.0,1.0,1.0,1.0,1.0,1.0,1.0,1.0,1.0,1.0,1.0])|412000|
|(135,[0,1,2,4,5,6,7,8,9,10,11,14,15,16,18,20,21,22,23,24,26,27,28,29,30,31,32,33,35,36,38,39,40,41,42,50,52,55,56,57,62,68,75,79,91,92,96,101,103,108,110,115,127,132],[418194.0,418194.0,1890.0,1.0,1890.0,202.0,202.0,1890.0,2017.0,0.151,1.0,1.0,2.0,2.0,125.0,2017.0,6.0,25.0,21.0,172.0,-1.0,3.9,3.91,3.89,3.94,3.95,81.2,18.8,61.7,2.7,0.8746687526274949,221.26666666666668,1890.0,4.8302940740421914E-4,1.0,1.0,1.0,-1.0,-1.0,-1.0,1.0,1.0,1.0,1.0,1.0,1.0,1.0,1.0,1.0,1.0,1.0,1.0,1.0,1.0])|418194|
|(135,[0,1,2,4,5,6,7,8,9,10,11,14,15,16,17,18,20,21,22,23,24,26,27,28,29,30,31,32,33,35,36,38,39,40,41,42,43,44,45,46,47,48,49,50,52,55,56,57,62,68,77,79,84,95,96,101,103,108,114,115,123,133],[419090.0,419090.0,1902.0,1.0,1902.0,588.0,588.0,1918.0,2017.0,0.24,1.0,1.0,2.0,2.0,16.0,145.0,2017.0,3.0,11.0,16.0,75.0,-1.0,4.3,4.21,4.1,4.16,4.15,81.2,18.8,61.7,2.7,0.8765427709117224,218.5036496350365,1918.0,0.0014030399198262902,1.0,-1.0,-1.0,-1.0,-1.0,-1.0,-1.0,-1.0,-1.0,1.0,-1.0,-1.0,-1.0,1.0,1.0,1.0,1.0,1.0,1.0,1.0,1.0,1.0,1.0,1.0,1.0,1.0,1.0])|419090|
|(135,[0,1,2,3,4,5,6,7,8,9,10,11,15,16,17,20,21,22,23,24,26,27,28,29,30,31,32,33,34,35,36,37,38,39,40,41,42,49,52,57,62,68,76,79,84,92,96,101,103,108,115,123,131,133],[419900.0,449900.0,1451.0,93.0,2.0,1860.0,3948.0,3948.0,3260.0,1983.0,1.12,3.0,3.0,4.0,1400.0,2017.0,7.0,29.0,17.0,198.0,-1.0,3.96,4.03,3.96,3.88,3.9,32.2,49.0,18.8,14.0,35.8,14.6,0.8782369169052763,128.80368098159508,3260.0,0.009402238628244821,1.3333333333333333,1.0,1.0,1.0,1.0,1.0,1.0,1.0,1.0,1.0,1.0,1.0,1.0,1.0,1.0,1.0,1.0,1.0])|405000|
|(135,[0,1,2,3,5,6,7,8,9,10,11,12,14,15,16,17,20,21,22,23,24,26,27,28,29,30,31,32,33,34,35,36,37,38,39,40,41,42,50,52,56,62,68,76,78,84,94,96,101,103,108,110,115,126,132],[424900.0,425000.0,1110.0,89.0,2088.0,3178.0,3178.0,2897.0,1981.0,1.92,1.0,1.0,1.0,3.0,3.0,809.0,2017.0,5.0,18.0,5.0,125.0,-1.0,4.02,4.03,3.97,4.08,4.1,32.2,49.0,18.8,49.8,11.9,2.7,0.8886946082235101,146.66896789782533,2897.0,0.007479406919275123,1.0,1.0,1.0,1.0,1.0,1.0,1.0,1.0,1.0,1.0,1.0,1.0,1.0,1.0,1.0,1.0,1.0,1.0])|414000|
|(135,[0,1,2,3,4,5,6,7,8,9,10,11,14,15,16,17,20,21,22,23,24,25,26,27,28,29,30,31,32,33,34,35,36,37,38,39,40,41,42,50,52,56,62,68,76,78,89,92,96,101,103,108,114,115,124,133],[425000.0,439900.0,1350.0,56.0,2.0,1550.0,3022.0,3022.0,2890.0,1971.0,1.002,1.0,2.0,3.0,4.0,1340.0,2017.0,5.0,21.0,25.0,145.0,5.0,-1.0,3.95,4.02,4.05,4.02,4.03,32.2,49.0,18.8,14.0,35.8,14.6,0.8889037620498749,147.05882352941177,2890.0,0.0071105882352941185,1.3333333333333333,1.0,1.0,1.0,1.0,1.0,1.0,1.0,1.0,1.0,1.0,1.0,1.0,1.0,1.0,1.0,1.0,1.0])|430000|
|(135,[0,1,2,3,4,5,6,7,8,9,10,11,15,16,17,18,20,21,22,23,24,25,26,27,28,29,30,31,32,33,35,36,37,38,39,40,41,42,43,44,45,46,47,48,49,50,52,55,56,57,62,68,75,79,84,92,96,101,103,108,110,115,123,132],[425000.0,425000.0,1647.0,13.0,1.0,1647.0,744.0,744.0,2908.0,2017.0,0.19,3.0,3.0,4.0,1261.0,143.0,2017.0,4.0,17.0,29.0,119.0,21.0,-1.0,4.03,3.97,4.08,4.1,4.14,81.2,18.8,14.0,35.8,14.6,0.8889037620498749,146.14855570839066,2908.0,0.0017505882352941175,1.3333333333333333,-1.0,-1.0,-1.0,-1.0,-1.0,-1.0,-1.0,-1.0,1.0,-1.0,-1.0,-1.0,1.0,1.0,1.0,1.0,1.0,1.0,1.0,1.0,1.0,1.0,1.0,1.0,1.0,1.0])|461400|
|(135,[0,1,2,3,4,5,6,7,8,9,10,11,12,15,16,18,20,21,22,23,24,25,26,27,28,29,30,31,32,33,35,36,37,38,39,40,41,42,43,44,45,46,47,48,49,50,52,55,56,57,62,68,77,83,84,94,96,101,103,108,114,115,126,133],[426200.0,426200.0,1088.0,43.0,1.0,2519.0,184.0,184.0,2519.0,2017.0,0.23,2.0,1.0,3.0,4.0,50.0,2017.0,10.0,42.0,20.0,293.0,14.0,-1.0,3.88,3.91,3.85,3.83,3.83,81.2,18.8,14.0,35.8,14.6,0.8914136079662509,169.19412465263994,2519.0,4.3172219615204133E-4,1.3333333333333333,-1.0,-1.0,-1.0,-1.0,-1.0,-1.0,-1.0,-1.0,1.0,-1.0,-1.0,-1.0,1.0,1.0,1.0,1.0,1.0,1.0,1.0,1.0,1.0,1.0,1.0,1.0,1.0,1.0])|426200|
|(135,[0,1,2,4,5,6,7,8,9,10,11,14,15,16,18,20,21,22,23,24,25,26,27,28,29,30,31,32,33,35,36,37,38,39,40,41,42,50,52,55,56,57,62,68,75,79,91,92,96,101,103,108,110,115,127,132],[427878.0,427878.0,1899.0,1.0,1899.0,202.0,202.0,1899.0,2017.0,0.157,1.0,1.0,2.0,3.0,125.0,2017.0,10.0,41.0,10.0,283.0,11.0,-1.0,3.91,3.85,3.83,3.83,3.78,81.2,18.8,49.8,11.9,2.7,0.8949232091726502,225.3175355450237,1899.0,4.7209718658122176E-4,1.5,1.0,1.0,-1.0,-1.0,-1.0,1.0,1.0,1.0,1.0,1.0,1.0,1.0,1.0,1.0,1.0,1.0,1.0,1.0,1.0])|427878|
|(135,[0,1,2,3,4,5,6,7,8,9,10,11,15,16,17,18,19,20,21,22,23,24,25,26,27,28,29,30,31,32,33,35,36,37,38,39,40,41,42,43,44,45,46,47,48,49,50,51,52,53,54,55,56,57,62,67,68,77,78,79,80,81,82,83,92,93,94,95,96,101,103,108,110,115,123,132],[433000.0,433000.0,1963.0,5.0,1.0,1963.0,166.0,254.0,2933.0,2017.0,0.25,3.0,3.0,4.0,970.0,54.0,88.0,2017.0,4.0,16.0,20.0,110.0,14.0,-1.0,3.97,4.08,4.1,4.14,4.23,81.2,18.8,14.0,35.8,14.6,0.905636068159049,147.63041254688034,2933.0,3.8337182448036953E-4,1.3333333333333333,-1.0,-1.0,-1.0,-1.0,-1.0,-1.0,-1.0,-1.0,-1.0,-1.0,-1.0,-1.0,-1.0,-1.0,-1.0,1.0,-1.0,-1.0,1.0,-1.0,-1.0,-1.0,-1.0,-1.0,-1.0,-1.0,-1.0,-1.0,-1.0,1.0,1.0,1.0,1.0,1.0,1.0,1.0,1.0])|434366|
|(135,[0,1,2,3,4,5,6,7,8,9,10,11,15,16,17,18,19,20,21,22,23,24,25,26,27,28,29,30,31,32,33,35,36,37,38,39,40,41,42,43,44,45,46,47,48,49,50,52,55,56,57,62,68,75,79,84,92,96,101,103,108,110,115,123,134],[435000.0,440000.0,1647.0,50.0,1.0,1647.0,166.0,254.0,2506.0,2017.0,0.19,3.0,3.0,3.0,859.0,143.0,88.0,2017.0,3.0,10.0,9.0,68.0,22.0,-1.0,4.21,4.1,4.16,4.15,4.17,81.2,18.8,49.8,11.9,2.7,0.9098191446863424,173.58339984038312,2506.0,3.8160919540229887E-4,1.0,-1.0,-1.0,-1.0,-1.0,-1.0,-1.0,-1.0,-1.0,1.0,-1.0,-1.0,-1.0,1.0,1.0,1.0,1.0,1.0,1.0,1.0,1.0,1.0,1.0,1.0,1.0,1.0,1.0])|432500|
|(135,[0,1,2,4,5,6,7,8,9,10,11,14,15,16,18,20,21,22,23,24,25,26,27,28,29,30,31,32,33,35,36,38,39,40,41,42,50,52,55,56,57,62,68,69,79,91,92,96,101,103,108,110,115,127,132],[437436.0,437436.0,1890.0,1.0,1890.0,202.0,202.0,1890.0,2017.0,0.213,1.0,1.0,2.0,2.0,125.0,2017.0,10.0,43.0,24.0,297.0,11.0,-1.0,3.94,3.88,3.91,3.85,3.83,81.2,18.8,61.7,2.7,0.914914131896586,231.447619047619,1890.0,4.6178183780027244E-4,1.0,1.0,1.0,-1.0,-1.0,-1.0,1.0,1.0,1.0,1.0,1.0,1.0,1.0,1.0,1.0,1.0,1.0,1.0,1.0,1.0])|437436|
|(135,[0,1,2,3,4,5,6,8,9,10,11,12,15,16,18,20,21,22,23,24,25,26,27,28,29,30,31,32,33,35,36,37,38,39,40,41,42,43,44,45,46,47,48,49,50,52,55,56,57,62,68,77,79,89,94,96,101,103,108,110,115,126,132],[439000.0,450000.0,1286.0,92.0,1.0,2756.0,226.0,2756.0,2016.0,0.2,2.0,1.0,3.0,4.0,58.0,2017.0,3.0,10.0,10.0,69.0,2.0,-1.0,4.21,4.1,4.16,4.15,4.17,81.2,18.8,14.0,35.8,14.6,0.9181852977409296,159.288824383164,2756.0,5.148063781321183E-4,1.3333333333333333,-1.0,-1.0,-1.0,-1.0,-1.0,-1.0,-1.0,-1.0,1.0,-1.0,-1.0,-1.0,1.0,1.0,1.0,1.0,1.0,1.0,1.0,1.0,1.0,1.0,1.0,1.0,1.0,1.0])|425000|
|(135,[0,1,2,5,8,9,10,11,12,14,15,16,18,20,21,22,23,24,25,26,27,28,29,30,31,32,33,35,36,37,38,39,40,42,43,44,45,46,47,48,49,50,52,55,56,57,62,67,75,79,89,94,96,101,103,108,114,115,126,133],[440778.0,440778.0,984.0,2214.0,2214.0,2017.0,0.463,1.0,1.0,1.0,3.0,4.0,93.0,2017.0,9.0,39.0,27.0,270.0,21.0,-1.0,3.83,3.83,3.78,3.78,3.82,81.2,18.8,14.0,35.8,14.6,0.9219040527736936,199.08672086720867,2214.0,1.3333333333333333,-1.0,-1.0,-1.0,-1.0,-1.0,-1.0,-1.0,-1.0,1.0,-1.0,-1.0,-1.0,1.0,1.0,1.0,1.0,1.0,1.0,1.0,1.0,1.0,1.0,1.0,1.0,1.0,1.0])|440778|
|(135,[0,1,2,3,4,5,6,7,8,9,10,11,12,14,15,16,17,20,21,22,23,24,25,26,27,28,29,30,31,32,33,36,37,38,39,40,41,42,49,55,56,57,62,67,76,83,84,94,96,101,103,108,114,115,126,131,132],[444900.0,444900.0,1397.0,14.0,1.0,2983.0,1016.0,1016.0,4096.0,2016.0,0.22,1.0,1.0,2.0,4.0,5.0,1113.0,2017.0,4.0,16.0,20.0,110.0,14.0,-1.0,3.97,4.08,4.1,4.14,4.23,81.2,18.8,14.0,50.4,0.9305253734964456,108.6181640625,4096.0,0.0022836592492694987,1.25,1.0,-1.0,-1.0,-1.0,1.0,1.0,1.0,1.0,1.0,1.0,1.0,1.0,1.0,1.0,1.0,1.0,1.0,1.0,1.0])|440000|
|(135,[0,1,2,4,5,8,9,10,11,15,16,18,20,21,22,23,24,26,27,28,29,30,31,32,33,35,36,38,39,40,42,43,44,45,46,47,48,49,50,52,55,56,57,62,68,75,79,84,92,96,101,103,108,110,115,123,132],[446000.0,446000.0,1791.0,1.0,1791.0,1791.0,2017.0,0.23,2.0,2.0,2.0,143.0,2017.0,11.0,44.0,4.0,308.0,-1.0,3.94,3.94,3.88,3.91,3.85,81.2,18.8,61.7,2.7,0.9328260655864568,249.02289223897262,1791.0,1.0,-1.0,-1.0,-1.0,-1.0,-1.0,-1.0,-1.0,-1.0,1.0,-1.0,-1.0,-1.0,1.0,1.0,1.0,1.0,1.0,1.0,1.0,1.0,1.0,1.0,1.0,1.0,1.0,1.0])|446834|
|(135,[0,1,2,4,5,6,7,8,9,10,11,15,16,18,20,21,22,23,24,25,26,27,28,29,30,31,32,33,35,36,38,39,40,41,42,43,44,45,46,47,48,49,50,51,52,53,54,55,56,57,62,75,79,84,92,96,101,103,108,110,115,123,132],[447000.0,447000.0,1791.0,1.0,1791.0,744.0,744.0,1791.0,2017.0,0.22,2.0,2.0,2.0,143.0,2017.0,6.0,24.0,15.0,166.0,10.0,-1.0,3.91,3.89,3.94,3.95,4.02,81.2,18.8,61.7,2.7,0.9349176038501036,249.58123953098828,1791.0,0.0016644295302013425,1.0,-1.0,-1.0,-1.0,-1.0,-1.0,-1.0,-1.0,-1.0,-1.0,-1.0,-1.0,-1.0,-1.0,-1.0,-1.0,1.0,1.0,1.0,1.0,1.0,1.0,1.0,1.0,1.0,1.0,1.0,1.0,1.0])|447157|
|(135,[0,1,2,3,4,5,6,7,8,9,10,11,12,14,15,16,17,18,20,21,22,23,24,25,26,27,28,29,30,31,32,33,34,35,36,37,38,39,40,41,42,43,44,45,46,47,48,49,50,52,55,56,57,62,68,70,79,89,94,96,101,103,108,114,115,127,133],[449900.0,474900.0,1577.0,86.0,1.0,1577.0,3480.0,3480.0,2734.0,1999.0,0.33,1.0,1.0,1.0,3.0,4.0,1157.0,96.0,2017.0,9.0,36.0,9.0,252.0,7.0,-1.0,3.78,3.82,3.86,3.89,3.9,32.2,49.0,18.8,14.0,35.8,14.6,0.9409830648146792,164.55742501828826,2734.0,0.00773505223382974,1.3333333333333333,-1.0,-1.0,-1.0,-1.0,-1.0,-1.0,-1.0,-1.0,1.0,-1.0,-1.0,-1.0,1.0,1.0,1.0,1.0,1.0,1.0,1.0,1.0,1.0,1.0,1.0,1.0,1.0,1.0])|438500|
|(135,[0,1,2,3,4,5,6,7,8,9,10,11,14,15,16,17,20,21,22,23,24,25,26,27,28,29,30,31,32,33,34,35,36,37,38,39,40,41,42,50,52,56,62,68,76,78,84,92,96,101,103,108,114,115,123,133],[449900.0,475000.0,2187.0,86.0,3.0,2187.0,3490.0,3490.0,3400.0,1971.0,1.015,2.0,1.0,3.0,4.0,1213.0,2017.0,4.0,14.0,3.0,93.0,12.0,-1.0,4.1,4.14,4.23,4.3,4.21,32.2,49.0,18.8,14.0,35.8,14.6,0.9409830648146792,132.3235294117647,3400.0,0.007757279395421205,1.3333333333333333,1.0,1.0,1.0,1.0,1.0,1.0,1.0,1.0,1.0,1.0,1.0,1.0,1.0,1.0,1.0,1.0,1.0])|426800|
|(135,[0,1,2,3,4,5,6,7,8,9,10,11,12,14,15,16,17,18,20,21,22,23,24,26,27,28,29,30,31,32,33,35,36,37,38,39,40,41,42,49,52,57,62,68,73,82,89,92,96,101,103,108,114,115,130,132],[450000.0,450000.0,1480.0,17.0,1.0,1984.0,2956.0,2956.0,3440.0,2003.0,0.08,2.0,1.0,1.0,4.0,3.0,1456.0,253.0,2017.0,4.0,14.0,7.0,97.0,-1.0,4.1,4.14,4.23,4.3,4.21,81.2,18.8,49.8,11.9,2.7,0.9411922186410441,130.8139534883721,3440.0,0.006568888888888889,0.75,1.0,1.0,1.0,1.0,1.0,1.0,1.0,1.0,1.0,1.0,1.0,1.0,1.0,1.0,1.0,1.0,1.0])|443000|
|(135,[0,1,2,3,4,5,6,7,8,9,10,11,12,14,15,16,17,20,21,22,23,24,26,27,28,29,30,31,32,33,34,35,36,37,38,39,40,41,42,43,44,45,46,47,48,49,50,52,55,56,57,62,68,77,78,84,92,96,101,103,108,114,115,126,131,132],[450000.0,450000.0,1485.0,40.0,2.0,2400.0,3840.0,3840.0,3740.0,1996.0,1.511,2.0,1.0,1.0,4.0,4.0,1340.0,2017.0,3.0,9.0,1.0,60.0,-1.0,4.1,4.16,4.15,4.17,4.19,32.2,49.0,18.8,14.0,35.8,14.6,0.9411922186410441,120.32085561497328,3740.0,0.008533333333333334,1.0,-1.0,-1.0,-1.0,-1.0,-1.0,-1.0,-1.0,-1.0,1.0,-1.0,-1.0,-1.0,1.0,1.0,1.0,1.0,1.0,1.0,1.0,1.0,1.0,1.0,1.0,1.0,1.0,1.0,1.0])|450000|
|(135,[0,1,2,3,4,5,6,7,8,9,10,11,12,15,16,18,20,21,22,23,24,25,26,27,28,29,30,31,32,33,35,36,37,38,39,40,41,42,43,44,45,46,47,48,49,50,52,55,56,57,62,68,77,79,94,96,101,103,108,114,115,126,133],[454990.0,492795.0,1224.0,153.0,1.0,2682.0,588.0,588.0,2682.0,2017.0,0.22,2.0,1.0,3.0,4.0,145.0,2017.0,4.0,16.0,23.0,113.0,-1.0,-1.0,3.97,4.08,4.1,4.14,4.23,81.2,18.8,14.0,35.8,14.6,0.9516289945766412,169.64578672632362,2682.0,0.0012923360952987975,1.3333333333333333,-1.0,-1.0,-1.0,-1.0,-1.0,-1.0,-1.0,-1.0,1.0,-1.0,-1.0,-1.0,1.0,1.0,1.0,1.0,1.0,1.0,1.0,1.0,1.0,1.0,1.0,1.0,1.0])|452990|
|(135,[0,1,2,3,4,5,6,7,8,9,10,11,12,14,15,16,18,20,21,22,23,24,25,26,27,28,29,30,31,32,33,35,36,37,38,39,40,41,42,43,44,45,46,47,48,49,50,51,52,53,54,55,56,57,62,68,77,79,89,94,96,101,103,108,114,115,126,133],[455612.0,453612.0,1144.0,38.0,1.0,2374.0,78.0,78.0,2374.0,2018.0,0.24,1.0,1.0,1.0,3.0,4.0,93.0,2017.0,10.0,42.0,20.0,293.0,20.0,-1.0,3.88,3.91,3.85,3.83,3.83,81.2,18.8,14.0,35.8,14.6,0.9529299313766296,191.91743892165118,2374.0,1.711983003081569E-4,1.3333333333333333,-1.0,-1.0,-1.0,-1.0,-1.0,-1.0,-1.0,-1.0,-1.0,-1.0,-1.0,-1.0,-1.0,-1.0,-1.0,1.0,1.0,1.0,1.0,1.0,1.0,1.0,1.0,1.0,1.0,1.0,1.0,1.0,1.0])|453612|
|(135,[0,1,2,4,5,6,7,8,9,10,11,14,15,16,18,20,21,22,23,24,25,26,27,28,29,30,31,32,33,35,36,38,39,40,41,42,50,52,55,56,57,62,68,75,79,91,92,96,101,103,108,110,115,127,132],[457395.0,457395.0,2359.0,1.0,2359.0,202.0,202.0,2359.0,2017.0,0.175,1.0,1.0,2.0,2.0,125.0,2017.0,6.0,25.0,23.0,174.0,6.0,-1.0,3.9,3.91,3.89,3.94,3.95,81.2,18.8,61.7,2.7,0.9566591441007116,193.8935989826197,2359.0,4.4163141267394704E-4,1.0,1.0,1.0,-1.0,-1.0,-1.0,1.0,1.0,1.0,1.0,1.0,1.0,1.0,1.0,1.0,1.0,1.0,1.0,1.0,1.0])|457395|
|(135,[0,1,2,4,5,6,7,8,9,11,12,14,15,16,18,20,21,22,23,24,25,26,27,28,29,30,31,32,33,35,36,37,38,39,40,41,42,43,44,45,46,47,48,49,50,51,52,53,54,55,56,57,62,67,68,77,78,79,80,81,82,83,84,92,93,94,95,96,101,103,108,114,115,126,133],[460000.0,460000.0,1213.0,1.0,2693.0,74.0,74.0,2693.0,2017.0,2.0,1.0,1.0,4.0,4.0,33.0,2017.0,3.0,11.0,17.0,76.0,20.0,-1.0,4.3,4.21,4.1,4.16,4.15,81.2,18.8,14.0,35.8,14.6,0.9621076012775116,170.81321945785368,2693.0,1.6086956521739132E-4,1.0,-1.0,-1.0,-1.0,-1.0,-1.0,-1.0,-1.0,-1.0,-1.0,-1.0,-1.0,-1.0,-1.0,-1.0,-1.0,1.0,-1.0,-1.0,1.0,-1.0,-1.0,-1.0,-1.0,-1.0,-1.0,1.0,-1.0,-1.0,-1.0,-1.0,1.0,1.0,1.0,1.0,1.0,1.0,1.0,1.0])|482077|
|(135,[0,1,2,4,5,6,7,8,9,10,11,14,15,16,18,20,21,22,23,24,25,26,27,28,29,30,31,32,33,35,36,37,38,39,40,41,42,50,52,55,56,57,62,75,79,91,92,96,101,103,108,110,115,127,132],[461086.0,461086.0,2359.0,1.0,2359.0,202.0,202.0,2359.0,2017.0,0.149,1.0,2.0,3.0,3.0,125.0,2017.0,6.0,25.0,23.0,174.0,1.0,-1.0,3.9,3.91,3.89,3.94,3.95,81.2,18.8,49.8,11.9,2.7,0.9643790118318321,195.4582450190759,2359.0,4.380961469226999E-4,1.0,1.0,1.0,-1.0,-1.0,-1.0,1.0,1.0,1.0,1.0,1.0,1.0,1.0,1.0,1.0,1.0,1.0,1.0,1.0])|461086|
|(135,[0,1,2,4,5,8,9,10,11,12,14,15,16,18,20,21,22,23,24,26,27,28,29,30,31,32,33,35,36,37,38,39,40,42,43,44,45,46,47,48,49,50,52,55,56,57,62,67,77,79,89,94,96,101,103,108,114,115,126,132],[465970.0,465970.0,1312.0,1.0,2624.0,2624.0,2017.0,0.401,1.0,1.0,1.0,3.0,4.0,93.0,2017.0,9.0,38.0,20.0,263.0,-1.0,3.83,3.78,3.78,3.82,3.86,81.2,18.8,14.0,35.8,14.6,0.9745940847114828,177.58003048780492,2624.0,1.3333333333333333,-1.0,-1.0,-1.0,-1.0,-1.0,-1.0,-1.0,-1.0,1.0,-1.0,-1.0,-1.0,1.0,1.0,1.0,1.0,1.0,1.0,1.0,1.0,1.0,1.0,1.0,1.0,1.0,1.0])|465970|
|(135,[0,1,2,3,4,5,6,7,8,9,10,11,12,14,15,16,17,20,21,22,23,24,26,27,28,29,30,31,32,33,34,35,36,37,38,39,40,41,42,49,52,57,62,68,72,83,84,92,96,102,103,108,115,123,131,132],[469900.0,479900.0,2074.0,21.0,2.0,2074.0,3320.0,3320.0,3614.0,1961.0,0.92,2.0,1.0,2.0,5.0,3.0,1540.0,2017.0,5.0,20.0,18.0,138.0,-1.0,4.02,4.05,4.02,4.03,3.97,9.8,22.4,67.8,49.8,11.9,2.7,0.9828138300876146,130.02213613724405,3614.0,0.007065333049585018,0.6,1.0,1.0,1.0,1.0,1.0,1.0,1.0,1.0,1.0,1.0,1.0,1.0,1.0,1.0,1.0,1.0,1.0])|468400|
|(135,[0,1,2,4,5,6,7,8,9,10,11,12,15,16,18,20,21,22,23,24,25,26,27,28,29,30,31,32,33,35,36,37,38,39,40,41,42,50,52,55,56,57,62,75,79,90,94,96,101,103,108,110,115,127,132],[470041.0,470041.0,1734.0,1.0,2596.0,114.0,114.0,2596.0,2016.0,0.2,2.0,1.0,3.0,3.0,125.0,2017.0,3.0,9.0,3.0,62.0,16.0,-1.0,4.1,4.16,4.15,4.17,4.19,81.2,18.8,49.8,11.9,2.7,0.9831087369827888,181.0635593220339,2596.0,2.4253203443954892E-4,1.0,1.0,1.0,-1.0,-1.0,-1.0,1.0,1.0,1.0,1.0,1.0,1.0,1.0,1.0,1.0,1.0,1.0,1.0,1.0])|470041|
|(135,[0,1,2,4,5,6,7,8,9,10,11,12,14,15,16,18,20,21,22,23,24,26,27,28,29,30,31,32,33,35,36,37,38,39,40,41,42,43,44,45,46,47,48,49,50,52,55,56,57,62,68,77,78,79,80,81,82,83,89,92,93,94,95,96,101,103,108,114,115,126,132],[470623.0,470623.0,1179.0,1.0,2543.0,74.0,74.0,2543.0,2016.0,0.21,1.0,1.0,1.0,3.0,4.0,33.0,2017.0,3.0,13.0,29.0,88.0,-1.0,4.14,4.23,4.3,4.21,4.1,81.2,18.8,14.0,35.8,14.6,0.9843260122522312,185.06606370428628,2543.0,1.5723838401438095E-4,1.3333333333333333,-1.0,-1.0,-1.0,-1.0,-1.0,-1.0,-1.0,-1.0,1.0,-1.0,-1.0,-1.0,1.0,1.0,1.0,-1.0,-1.0,-1.0,-1.0,-1.0,-1.0,1.0,-1.0,-1.0,-1.0,-1.0,1.0,1.0,1.0,1.0,1.0,1.0,1.0,1.0])|470800|
|(135,[0,1,2,3,4,5,6,7,8,9,10,11,12,14,15,16,17,18,20,21,22,23,24,25,26,27,28,29,30,31,32,33,35,36,37,38,39,40,41,42,52,55,56,57,62,67,77,79,84,94,96,101,103,108,114,115,119,133],[474900.0,489900.0,1450.0,60.0,2.0,1696.0,3840.0,3840.0,3358.0,2002.0,0.65,2.0,2.0,1.0,5.0,4.0,1662.0,90.0,2017.0,6.0,22.0,2.0,153.0,14.0,-1.0,3.94,3.95,4.02,4.05,4.02,81.2,18.8,14.0,35.8,14.6,0.9932715214058484,141.42346634901727,3358.0,0.008085912823752369,0.8,1.0,-1.0,-1.0,-1.0,1.0,1.0,1.0,1.0,1.0,1.0,1.0,1.0,1.0,1.0,1.0,1.0,1.0,1.0])|460000|
|(135,[0,1,2,3,4,5,6,7,8,9,10,11,14,15,16,17,20,21,22,23,24,25,26,27,28,29,30,31,32,33,34,35,36,37,38,39,40,41,42,52,55,56,57,62,68,76,78,89,95,96,101,103,108,115,120,131,133],[475000.0,475000.0,1275.0,57.0,2.0,2834.0,3510.0,3510.0,3234.0,1981.0,1.01,2.0,1.0,3.0,4.0,400.0,2017.0,7.0,29.0,20.0,201.0,12.0,-1.0,3.96,4.03,3.96,3.88,3.9,32.2,49.0,18.8,14.0,35.8,14.6,0.9934806752322132,146.87693259121832,3234.0,0.0073894736842105265,1.3333333333333333,1.0,-1.0,-1.0,-1.0,1.0,1.0,1.0,1.0,1.0,1.0,1.0,1.0,1.0,1.0,1.0,1.0,1.0,1.0])|475000|
|(135,[0,1,2,3,4,5,6,7,8,9,10,11,12,14,15,16,17,18,20,21,22,23,24,25,26,27,28,29,30,31,32,33,36,37,38,39,40,41,42,49,52,57,65,68,77,78,84,94,96,101,103,108,114,115,126,134],[475000.0,475000.0,1232.0,15.0,1.0,2745.0,3876.0,3876.0,3647.0,2003.0,0.5,2.0,1.0,1.0,4.0,5.0,902.0,450.0,2017.0,4.0,17.0,26.0,116.0,4.0,-1.0,4.03,3.97,4.08,4.1,4.14,81.2,18.8,14.0,50.4,0.9934806752322132,130.24403619413215,3647.0,0.008159999999999999,1.25,1.0,1.0,1.0,1.0,1.0,1.0,1.0,1.0,1.0,1.0,1.0,1.0,1.0,1.0,1.0,1.0,1.0])|478500|
|(135,[0,1,2,5,8,9,10,11,14,15,16,17,18,20,21,22,23,24,25,26,27,28,29,30,31,32,33,35,36,38,39,40,42,43,44,45,46,47,48,49,50,52,55,56,57,62,67,77,79,89,92,96,101,103,108,114,115,123,132],[476358.0,476358.0,2258.0,2258.0,4203.0,2017.0,0.29,1.0,1.0,2.0,2.0,1945.0,93.0,2017.0,9.0,39.0,26.0,269.0,21.0,-1.0,3.83,3.83,3.78,3.78,3.82,81.2,18.8,61.7,2.7,0.9963209841942452,113.3376159885796,4203.0,1.0,-1.0,-1.0,-1.0,-1.0,-1.0,-1.0,-1.0,-1.0,1.0,-1.0,-1.0,-1.0,1.0,1.0,1.0,1.0,1.0,1.0,1.0,1.0,1.0,1.0,1.0,1.0,1.0,1.0])|476358|
|(135,[0,1,2,3,4,5,6,7,8,9,10,11,12,15,16,17,20,21,22,23,24,25,26,27,28,29,30,31,32,33,36,37,38,39,40,41,42,43,44,45,46,47,48,49,50,51,52,53,54,55,56,57,62,67,68,75,78,79,80,81,82,83,89,92,93,94,95,96,101,103,108,114,115,126,132],[477000.0,477000.0,1301.0,49.0,1.0,2573.0,1016.0,1016.0,3346.0,2016.0,0.19,3.0,1.0,4.0,5.0,773.0,2017.0,10.0,42.0,18.0,291.0,21.0,-1.0,3.88,3.91,3.85,3.83,3.83,81.2,18.8,14.0,50.4,0.9976637517595066,142.55827854154214,3346.0,0.002129979035639413,1.25,-1.0,-1.0,-1.0,-1.0,-1.0,-1.0,-1.0,-1.0,-1.0,-1.0,-1.0,-1.0,-1.0,-1.0,-1.0,1.0,-1.0,-1.0,1.0,-1.0,-1.0,-1.0,-1.0,-1.0,-1.0,1.0,-1.0,-1.0,-1.0,-1.0,1.0,1.0,1.0,1.0,1.0,1.0,1.0,1.0])|479500|